Parâmetros da melhor solução:[  44.   41.   38. 1131.   97.   58.  413.   63.   58. 1383.   87.   38.
 1485.   61.  123.  997.   55.   38.  155.   60.   38.  812.   52.   58.
  703.   70.   58.  839.   47.   58.  412.   42.  123.   34.   31.   58.
 1029.   62.   38.  767.   63.  123. 1278.   24.   38. 1314.   54.   38.
  591.   68.   58.  757.   64.  123. 1202.   95.   58.  385.   67.   38.
  292.   55.   38. 1197.   39.   58. 1017.   26.  123. 1301.   37.  123.]
Valor Fitness da melhor solução = 1884.25
Resultados dos 30 rounds : [1143.0, 1425.5, 1028.0, 1246.25, 1164.75, 1239.75, 1148.5, 1371.75, 1642.0, 1715.75, 1564.5, 977.0, 1444.0, 1128.75, 904.0, 1808.75, 1419.5, 1250.5, 1029.75, 1147.25, 1952.0, 1252.0, 1600.0, 1626.5, 1488.25, 1681.75, 2036.5, 1809.75, 1703.75, 1640.0] 
Média: 1419.6583333333333
Std: 298.1458848962292
Valor: 1121.512448437104
