Parâmetros da melhor solução:[ 783.   78.   58.  208.   68.   38. 1494.   51.  123.  598.   41.   38.
  281.   68.  123. 1126.   49.  123.  207.   49.   58.  830.   91.   38.
  267.   72.  123.  363.   44.   38.  541.   87.  123.  479.   35.  123.
  654.   64.   38.  233.   91.   58. 1270.   46.   38.  810.   24.   58.
 1317.   96.   38. 1283.   39.   58.  394.   91.   58. 1253.   70.   38.
 1258.   59.   58. 1096.   56.  123. 1061.   70.   38. 1086.   60.   58.]
Valor Fitness da melhor solução = 1753.0
Resultados dos 30 rounds : [1171.0, 1523.0, 1315.25, 1469.75, 1420.75, 1463.0, 1280.25, 1329.75, 967.5, 1429.0, 1175.25, 993.5, 1147.25, 1081.75, 1201.0, 1621.0, 1086.0, 1463.5, 1186.75, 1215.0, 1433.0, 1639.25, 1203.5, 1422.75, 1408.75, 1205.0, 1235.75, 1258.0, 1258.75, 1500.25] 
Média: 1303.5083333333334
Std: 170.90603513984584
Valor: 1132.6022981934875
