Parâmetros da melhor solução:[1432.   32.   58.   53.   16.   38. 1064.   40.   58.  370.   74.   58.
  187.   27.   58.  745.   86.  123.  990.   64.   58. 1170.   92.  123.
  510.   10.   38.   72.   78.  123. 1457.   92.   58.  693.   99.  123.
  376.   23.  123. 1487.   69.   58.  414.   93.  123.   96.   25.   58.
  876.   26.   38.   69.   59.   58.   27.   57.  123.  924.   35.  123.
 1081.   33.   38. 1079.   38.  123. 1443.   92.   58. 1360.   49.   58.]
Valor Fitness da melhor solução = 2117.0
Resultados dos 30 rounds : [1270.25, 862.5, 1429.0, 1342.25, 1119.75, 1299.25, 1111.0, 1542.5, 1553.25, 1370.5, 1273.0, 1745.25, 1703.5, 1410.75, 1105.75, 971.25, 1444.25, 1035.0, 1508.75, 1226.25, 621.75, 874.25, 610.0, 697.75, 1421.75, 784.25, 965.75, 1182.25, 1697.0, 1950.75] 
Média: 1237.65
Std: 337.5259533230988
Valor: 900.1240466769013
