Parâmetros da melhor solução:[1338.   65.  123. 1155.   28.  123.  312.   64.   58.  323.   55.   38.
  574.   87.  123.  649.   81.  123.  701.   90.   38.  337.   52.   58.
  571.   78.  123.  489.   18.   58.  404.   21.  123.  588.   91.   58.
 1221.   25.   38.  633.   22.  123. 1288.   15.   58.  740.   12.  123.
  293.   61.   38.  710.   37.  123.  723.   73.   58.  361.   44.  123.
 1453.   22.   38.  984.   91.  123. 1205.   65.   58.  947.   33.   38.]
Valor Fitness da melhor solução = 1318.5
Resultados dos 30 rounds : [1215.25, 1333.0, 1255.0, 1195.0, 914.75, 1445.75, 1233.25, 1411.75, 1212.0, 1315.75, 1258.0, 1354.25, 1345.5, 1047.0, 1132.0, 1430.0, 1246.75, 1314.5, 1146.25, 1122.5, 1456.5, 1394.75, 1284.0, 1137.25, 1407.5, 1263.5, 1226.75, 1174.75, 1212.0, 1264.0] 
Média: 1258.3083333333334
Std: 121.25296703128089
Valor: 1137.0553663020526
